10,222
10,150
10,190
10,192
10,242
10,214
10,74
11,12
11,22
11,14
11,10
11,26
11,24
9,6
9,4
8,7
8,13
8,4
61,5
61,4
61,3
61,2
61,1
61,0
59,7
59,6
59,5
59,4
59,3
59,2
59,1
59,0
54,3
54,2
54,1
54,0
53,5
53,1
20,3
20,2
20,1
19,3
19,2
19,1
12,3
12,2
12,1
11,27
11,25
11,23
11,19
18,1
11,17
18,3
14,1
11,15
11,13
11,11
11,7
11,3
14,3
13,1
11,2
11,1
13,3
10,301
10,257
10,247
10,245
10,231
10,217
10,213
10,197
10,181
10,163
10,127
10,93
10,89
10,11
10,7
10,3
10,2
10,1
9,7
9,5
9,3
9,2
9,1
8,18
8,17
8,16
8,15
8,14
8,12
8,9
8,6
8,5
8,3
